45 6 30 4 14 742
237 223 376 237 397 397 821 320 244 244 244 244 369 369 369 369 411 411 411 411 411 411 411 411 411 411 411 411 411 411 411 411 989 230 230 230 230 376 376 251 376 251 293 265 251 
1 1 
1 2 
1 3 
1 4 
3 1 5 6 
3 1 5 6 
1 1 
1 3 
3 3 5 6 
3 3 5 6 
3 3 5 6 
3 3 5 6 
3 1 5 6 
3 1 5 6 
3 1 5 6 
3 1 5 6 
4 1 5 6 7 
4 1 5 6 7 
4 1 5 6 7 
4 1 5 6 7 
4 1 5 6 7 
4 1 5 6 7 
4 1 5 6 7 
4 1 5 6 7 
4 1 5 6 7 
4 1 5 6 7 
4 1 5 6 7 
4 1 5 6 7 
4 1 5 6 7 
4 1 5 6 7 
4 1 5 6 7 
4 1 5 6 7 
1 1 
3 8 9 10 
3 8 9 10 
3 8 9 10 
3 8 9 10 
1 3 
1 1 
2 6 11 
1 1 
2 6 11 
3 3 12 13 
1 1 
2 6 14 
