49 16 30 8 23 760
251 230 237 237 237 223 237 237 237 237 237 404 404 230 508 251 508 508 508 251 279 334 265 233 244 251 237 237 237 237 237 237 237 237 237 237 237 237 237 237 237 237 237 237 237 237 237 237 376 
1 1 
1 1 
1 1 
1 1 
2 2 3 
1 4 
2 2 5 
2 2 5 
2 2 5 
2 2 5 
2 2 5 
2 6 7 
2 6 7 
1 8 
3 9 10 11 
2 9 11 
3 9 10 11 
3 9 10 11 
3 9 10 11 
2 9 11 
1 12 
3 13 14 15 
1 14 
3 16 17 18 
3 19 20 21 
2 16 22 
2 2 5 
2 2 5 
2 2 5 
2 2 5 
2 2 5 
2 2 5 
2 2 5 
2 2 5 
2 2 5 
2 2 5 
2 2 5 
2 2 5 
2 2 5 
2 2 5 
2 2 5 
2 2 5 
2 2 5 
2 2 5 
2 2 5 
2 2 5 
2 2 5 
2 2 5 
1 23 
