52 6 20 5 47 729
237 237 487 432 432 244 230 237 216 223 376 251 237 237 223 376 418 313 216 320 265 216 223 223 216 515 223 835 251 235 223 244 251 293 251 334 404 223 223 265 251 251 320 237 279 320 237 237 237 272 348 223 
1 1 
1 2 
1 3 
5 3 4 5 6 7 
5 3 4 5 6 7 
3 8 9 10 
1 11 
1 12 
1 13 
1 14 
1 5 
3 15 16 17 
1 18 
1 18 
1 18 
1 19 
1 20 
2 16 21 
1 22 
1 23 
2 9 13 
1 24 
1 25 
1 26 
1 24 
1 26 
1 26 
1 26 
3 27 28 29 
1 30 
1 31 
1 32 
1 33 
2 5 34 
1 11 
4 1 26 27 35 
3 1 27 35 
1 36 
1 36 
1 37 
1 38 
1 33 
1 34 
2 15 16 
5 13 39 40 41 42 
3 1 9 43 
2 44 45 
2 44 45 
2 44 45 
3 22 46 47 
2 46 47 
1 4 
