54 16 30 8 32 721
230 237 216 223 223 237 279 265 216 216 216 216 223 223 223 223 223 223 223 226 404 404 265 230 251 237 237 237 237 237 237 237 237 216 467 286 223 223 320 237 237 237 279 376 237 237 237 237 237 237 237 237 376 571 
1 1 
1 2 
1 3 
1 4 
1 5 
1 6 
1 7 
3 6 8 9 
1 10 
1 10 
1 10 
1 10 
2 9 11 
2 9 11 
2 9 11 
2 9 11 
2 9 11 
2 9 11 
2 9 11 
1 12 
2 13 14 
2 13 14 
5 5 15 16 17 18 
3 18 19 20 
1 21 
2 9 22 
2 9 22 
2 9 22 
2 9 22 
2 9 22 
2 9 22 
2 9 22 
2 9 22 
1 23 
1 24 
2 18 25 
2 8 9 
1 26 
3 6 8 27 
2 28 29 
2 28 29 
2 28 29 
2 28 29 
1 30 
2 9 31 
2 9 31 
2 9 31 
2 9 31 
2 9 31 
2 9 31 
2 9 31 
2 9 31 
1 30 
2 6 32 
