68 6 20 5 41 743
216 230 376 933 376 265 251 327 327 265 251 251 376 293 216 251 237 267 267 279 376 237 237 251 216 230 223 265 251 251 251 244 279 223 237 237 223 251 251 237 237 237 237 237 237 237 237 237 237 237 237 237 237 237 237 237 237 237 237 237 237 237 237 237 627 251 258 376 
1 1 
2 2 3 
1 4 
1 1 
1 4 
3 1 5 6 
2 7 8 
5 1 2 6 9 10 
5 1 2 6 9 10 
1 1 
2 8 11 
2 8 11 
1 4 
1 1 
1 12 
2 13 14 
1 15 
2 15 16 
2 15 16 
1 17 
1 4 
2 18 19 
2 18 19 
2 8 20 
1 20 
1 21 
1 21 
1 22 
2 23 24 
4 23 24 25 26 
1 7 
1 27 
3 8 28 29 
1 30 
2 18 31 
2 18 31 
2 5 18 
3 32 33 34 
3 32 33 34 
2 31 35 
2 6 36 
2 6 36 
2 6 36 
2 6 36 
2 6 36 
2 6 36 
2 6 36 
2 6 36 
2 6 36 
2 6 36 
2 6 36 
2 6 36 
2 6 36 
2 6 36 
2 6 36 
2 6 36 
2 6 36 
2 6 36 
2 6 36 
2 6 36 
2 6 36 
2 6 36 
2 8 37 
1 38 
1 39 
2 6 40 
2 8 41 
1 4 
