76 16 30 8 46 736
244 244 251 230 237 237 258 258 258 258 258 258 237 237 223 306 306 251 223 320 237 279 223 251 251 237 279 251 251 223 223 237 237 237 237 237 223 223 237 237 237 237 237 404 404 606 216 216 543 543 216 216 543 543 216 216 216 216 237 237 237 237 237 279 251 265 235 235 627 279 376 258 258 237 348 320 
2 1 2 
2 1 2 
1 3 
1 3 
1 3 
1 3 
4 4 5 6 7 
4 4 5 6 7 
4 4 5 6 7 
4 4 5 6 7 
4 4 5 6 7 
4 4 5 6 7 
2 8 9 
1 10 
1 11 
4 4 12 13 14 
4 4 12 13 14 
2 2 15 
1 16 
1 17 
1 10 
1 18 
1 19 
3 15 20 21 
3 15 20 21 
1 22 
2 2 23 
1 24 
1 25 
2 6 8 
2 6 8 
2 5 26 
2 5 26 
2 5 26 
2 5 26 
2 5 26 
1 27 
1 27 
3 28 29 30 
3 28 29 30 
3 28 29 30 
3 28 29 30 
3 28 29 30 
2 31 32 
2 31 32 
6 8 33 34 35 36 37 
1 38 
1 38 
2 38 39 
2 38 39 
1 38 
1 38 
2 38 39 
2 38 39 
1 38 
1 38 
1 38 
1 38 
2 8 9 
2 8 9 
2 8 9 
2 8 9 
2 8 9 
1 40 
1 41 
1 42 
1 43 
1 43 
2 3 42 
2 8 44 
1 45 
2 2 17 
2 2 17 
1 46 
1 45 
1 10 
