77 6 20 5 40 746
237 237 237 237 237 237 237 237 237 237 237 1630 487 933 237 237 237 223 223 251 230 293 216 216 216 216 216 216 216 216 216 216 216 216 279 237 237 237 237 376 237 237 348 237 237 237 237 237 237 237 237 237 237 237 237 230 230 293 223 877 237 286 251 251 223 320 279 251 376 279 1114 613 766 216 446 223 223 
2 1 2 
2 1 2 
2 1 2 
2 1 2 
2 1 2 
2 1 2 
2 1 2 
2 1 2 
2 1 2 
2 1 2 
2 1 2 
1 3 
1 4 
1 5 
1 6 
1 7 
1 7 
1 7 
1 8 
1 9 
3 10 11 12 
1 5 
1 13 
1 13 
1 13 
1 13 
1 13 
1 13 
1 13 
1 13 
1 13 
1 13 
1 13 
1 13 
1 14 
2 1 15 
2 1 15 
2 1 15 
2 1 15 
1 16 
2 17 18 
2 17 18 
2 1 19 
2 18 20 
2 18 20 
2 18 20 
2 18 20 
2 18 20 
2 18 20 
2 18 20 
2 18 20 
2 18 20 
2 18 20 
2 18 20 
2 18 20 
2 1 21 
2 1 21 
5 5 22 23 24 25 
1 26 
1 5 
1 23 
2 27 28 
1 29 
1 7 
2 1 2 
1 5 
5 30 31 32 33 34 
1 35 
1 16 
1 36 
1 5 
1 5 
1 37 
1 5 
1 38 
1 39 
1 40 
