89 8 20 6 41 716
237 265 376 450 223 313 313 216 216 216 216 216 216 216 216 216 216 216 216 251 265 235 432 237 237 237 237 237 237 237 237 237 237 237 237 327 327 571 571 237 237 237 237 237 237 237 237 237 237 237 237 237 237 237 237 237 237 237 237 237 237 237 237 237 237 237 258 279 244 432 216 223 216 376 794 794 251 244 237 557 237 327 327 237 237 251 487 258 258 
1 1 
2 2 3 
1 4 
2 2 5 
1 6 
3 1 7 8 
3 1 7 8 
1 9 
1 9 
1 9 
1 9 
1 9 
1 9 
1 9 
1 9 
1 9 
1 9 
1 9 
1 9 
1 10 
2 11 12 
1 13 
1 14 
2 15 16 
2 15 16 
2 15 16 
2 15 16 
2 15 16 
2 15 16 
2 15 16 
2 15 16 
2 15 16 
2 15 16 
2 15 16 
2 15 16 
5 1 2 11 17 18 
5 1 2 11 17 18 
6 1 2 14 17 19 20 
6 1 2 14 17 19 20 
1 21 
1 21 
2 2 22 
2 2 23 
2 2 23 
2 2 24 
2 2 24 
2 2 24 
2 2 24 
2 2 24 
2 2 24 
2 2 24 
2 2 24 
2 2 25 
2 2 25 
2 2 25 
2 2 25 
2 2 25 
2 2 25 
2 2 25 
2 2 25 
2 2 25 
2 2 25 
2 2 25 
2 2 25 
2 2 25 
2 2 25 
1 18 
1 18 
1 26 
2 1 27 
1 28 
1 28 
1 28 
1 29 
5 30 31 32 33 34 
5 30 31 32 33 34 
2 7 35 
1 36 
2 37 38 
2 1 8 
3 23 28 39 
5 1 2 11 17 18 
5 1 2 11 17 18 
2 25 40 
2 25 40 
1 41 
1 27 
2 7 8 
2 7 8 
