91 6 20 6 46 744
237 1630 313 390 376 460 293 327 327 230 251 244 244 244 216 251 627 293 1100 258 279 265 251 251 320 515 606 237 216 237 237 237 279 237 237 237 237 237 237 237 237 235 235 376 397 397 821 320 244 244 244 244 369 369 369 369 411 411 411 411 411 411 411 411 411 411 411 411 411 411 411 411 989 320 216 216 216 216 216 216 216 216 216 216 216 251 487 717 223 432 251 
1 1 
1 2 
2 3 4 
1 5 
1 6 
3 6 7 8 
1 1 
5 1 8 9 10 11 
5 1 8 9 10 11 
2 12 13 
1 14 
3 15 16 17 
3 15 16 17 
3 15 16 17 
1 18 
1 19 
1 1 
1 20 
1 21 
1 8 
1 8 
1 8 
1 22 
1 23 
1 24 
4 1 17 25 26 
6 10 11 27 28 29 30 
2 10 17 
1 31 
2 32 33 
2 32 33 
2 32 33 
2 32 33 
2 10 34 
2 10 34 
2 10 34 
2 10 34 
2 10 34 
2 10 34 
2 10 34 
2 10 34 
1 35 
1 35 
1 6 
3 1 10 36 
3 1 10 36 
1 1 
1 6 
3 6 10 36 
3 6 10 36 
3 6 10 36 
3 6 10 36 
3 1 10 36 
3 1 10 36 
3 1 10 36 
3 1 10 36 
4 1 10 36 37 
4 1 10 36 37 
4 1 10 36 37 
4 1 10 36 37 
4 1 10 36 37 
4 1 10 36 37 
4 1 10 36 37 
4 1 10 36 37 
4 1 10 36 37 
4 1 10 36 37 
4 1 10 36 37 
4 1 10 36 37 
4 1 10 36 37 
4 1 10 36 37 
4 1 10 36 37 
4 1 10 36 37 
1 1 
3 1 17 38 
1 39 
1 40 
1 40 
1 40 
1 40 
1 40 
1 40 
1 40 
1 40 
1 40 
1 40 
1 5 
1 21 
3 41 42 43 
1 20 
2 15 44 
2 45 46 
