101 4 30 6 33 728
237 216 216 335 223 223 223 223 223 223 223 223 230 223 223 223 223 223 223 223 223 223 223 223 223 223 223 223 223 216 223 223 223 223 223 223 223 223 223 223 223 223 223 223 223 223 223 223 223 237 216 216 237 327 327 327 327 237 710 251 223 355 244 216 877 237 334 404 230 327 327 216 216 216 543 543 216 216 543 543 216 216 216 216 237 244 293 376 251 216 216 216 216 216 216 216 216 244 432 251 320 
1 1 
1 1 
1 1 
3 2 3 4 
1 5 
1 5 
1 5 
1 5 
1 5 
1 5 
1 5 
1 6 
1 5 
1 5 
1 5 
1 5 
1 5 
1 5 
1 5 
1 5 
1 5 
1 6 
1 5 
1 5 
1 5 
1 5 
1 5 
1 6 
1 5 
1 7 
1 6 
1 6 
1 6 
1 6 
1 6 
1 6 
1 5 
1 5 
1 5 
1 5 
1 6 
1 5 
1 5 
1 5 
1 5 
1 5 
1 5 
1 6 
1 6 
1 8 
1 8 
1 8 
2 9 10 
5 10 11 12 13 14 
5 10 11 12 13 14 
5 10 11 12 13 14 
5 10 11 12 13 14 
1 15 
1 14 
1 5 
1 16 
2 14 17 
1 18 
1 8 
1 14 
1 19 
4 5 10 14 20 
3 10 14 20 
1 21 
5 10 11 12 13 14 
5 10 11 12 13 14 
1 22 
1 12 
1 12 
2 12 23 
2 12 23 
1 12 
1 12 
2 12 23 
2 12 23 
1 12 
1 12 
1 12 
1 12 
1 24 
2 17 25 
3 10 16 26 
1 27 
3 10 14 28 
1 29 
1 29 
1 29 
1 29 
1 29 
1 29 
1 29 
1 29 
2 17 30 
2 31 32 
2 17 33 
1 1 
