125 16 30 8 81 729
223 223 223 223 223 223 230 376 223 265 508 251 508 508 508 251 235 237 237 237 237 237 237 237 237 237 237 313 334 237 251 265 230 230 293 327 327 223 216 348 487 223 508 508 508 251 251 508 244 216 794 794 286 362 223 223 237 237 571 348 251 216 752 272 501 251 251 265 418 376 376 244 244 550 237 216 216 216 216 216 216 216 216 216 216 216 216 425 251 251 216 425 237 237 376 265 265 265 265 251 216 265 230 933 265 223 327 327 265 251 251 320 216 265 251 251 258 258 265 237 627 216 258 258 320 
1 1 
1 2 
1 1 
1 1 
1 2 
1 1 
2 3 4 
2 5 6 
1 7 
2 8 9 
3 3 10 11 
2 3 11 
3 3 10 11 
3 3 10 11 
3 3 10 11 
2 3 11 
1 12 
2 8 13 
2 8 13 
2 8 13 
2 8 13 
2 8 13 
2 8 13 
2 8 13 
2 8 13 
2 8 13 
2 8 13 
2 14 15 
3 16 17 18 
1 19 
2 3 20 
5 3 21 22 23 24 
2 8 25 
2 8 25 
5 4 17 26 27 28 
5 8 17 29 30 31 
5 8 17 29 30 31 
1 1 
1 32 
5 1 33 34 35 36 
1 17 
2 9 37 
3 3 10 11 
3 3 10 11 
3 3 10 11 
2 3 11 
2 3 11 
3 3 10 11 
2 3 38 
1 39 
5 10 27 40 41 42 
5 10 27 40 41 42 
6 8 33 43 44 45 46 
3 33 47 48 
1 49 
1 35 
2 37 50 
2 37 50 
2 17 51 
1 52 
2 3 53 
1 17 
3 33 54 55 
4 1 8 9 56 
1 57 
2 3 58 
1 59 
1 17 
1 46 
1 57 
1 57 
2 3 60 
2 3 60 
2 3 61 
3 17 62 63 
1 64 
1 64 
1 64 
1 64 
1 64 
1 64 
1 64 
1 64 
1 64 
1 64 
1 64 
1 64 
3 3 17 60 
1 65 
2 3 66 
1 66 
1 46 
2 37 67 
2 37 67 
1 57 
3 8 47 68 
3 8 47 68 
3 8 47 68 
3 8 47 68 
2 3 69 
1 69 
2 8 9 
3 3 70 71 
2 17 60 
2 8 9 
1 72 
5 8 17 29 30 31 
5 8 17 29 30 31 
1 31 
1 73 
1 74 
1 75 
1 76 
1 31 
2 3 77 
2 37 50 
4 8 17 68 78 
4 8 17 68 78 
1 1 
2 79 80 
2 1 33 
1 81 
2 3 60 
2 3 60 
1 33 
