127 6 20 8 68 733
237 411 1630 411 335 251 237 237 237 320 230 251 216 216 877 237 348 376 237 279 286 341 341 341 341 341 341 341 341 327 376 237 237 237 237 320 501 933 237 237 237 237 237 237 237 237 237 265 237 237 237 237 418 251 251 223 223 223 223 223 223 223 244 724 237 226 306 244 244 244 251 265 425 362 235 265 265 265 265 265 425 425 293 627 293 1100 237 237 251 265 279 293 258 258 237 348 557 237 237 237 237 237 237 237 237 237 237 237 237 237 237 237 237 237 237 237 237 237 237 237 237 237 237 237 237 244 432 
1 1 
8 2 3 4 5 6 7 8 9 
1 10 
3 1 9 11 
3 12 13 14 
1 15 
2 16 17 
2 16 17 
2 16 17 
1 18 
1 19 
1 19 
1 20 
1 21 
1 1 
1 22 
5 19 23 24 25 26 
1 27 
2 16 28 
1 29 
6 16 19 30 31 32 33 
5 1 16 17 34 35 
5 1 16 17 34 35 
5 1 16 17 34 35 
5 1 16 17 34 35 
5 1 16 17 34 35 
5 1 16 17 34 35 
5 1 16 17 34 35 
5 1 16 17 34 35 
2 36 37 
1 27 
2 16 38 
2 16 38 
2 16 38 
2 16 28 
1 1 
1 27 
1 1 
2 16 39 
2 16 39 
2 16 39 
2 16 39 
2 16 39 
2 16 39 
2 16 39 
2 16 39 
2 16 39 
1 1 
2 40 41 
2 40 41 
2 40 41 
2 40 41 
1 33 
3 40 42 43 
3 40 42 43 
2 16 17 
2 16 17 
2 16 17 
2 16 17 
2 16 17 
2 16 17 
2 16 17 
1 44 
3 1 45 46 
3 1 47 48 
1 49 
2 1 50 
3 28 51 52 
3 28 51 52 
3 28 51 52 
2 9 25 
2 16 25 
1 33 
1 53 
1 54 
3 16 17 35 
3 16 17 35 
3 16 17 35 
3 16 17 35 
2 16 28 
3 1 9 50 
3 1 9 50 
1 55 
1 1 
1 50 
1 35 
2 25 51 
2 25 51 
1 56 
1 57 
5 51 58 59 60 61 
3 16 35 62 
4 1 16 17 34 
4 1 16 17 34 
2 63 64 
1 46 
2 1 50 
3 17 24 65 
1 66 
2 16 17 
2 16 17 
2 16 17 
2 16 17 
2 16 17 
2 16 17 
2 16 17 
2 16 17 
2 16 17 
2 16 17 
2 16 17 
2 16 17 
2 16 17 
2 16 17 
2 16 17 
2 16 17 
2 16 17 
2 16 17 
2 16 17 
2 16 17 
2 16 17 
2 16 17 
2 16 17 
2 16 17 
2 16 17 
2 16 17 
1 67 
2 51 68 
