150 6 20 6 77 742
223 237 223 237 230 237 216 223 216 237 237 237 237 237 237 237 237 237 237 237 487 237 237 320 450 320 320 244 313 313 251 216 237 404 404 251 279 237 237 237 237 216 376 239 216 376 293 432 348 251 240 508 508 508 251 251 508 237 237 237 237 237 269 216 216 216 286 235 235 418 418 320 376 216 223 216 237 237 237 237 237 237 237 237 237 306 306 237 237 237 237 237 293 230 348 237 237 223 418 376 223 223 265 404 251 216 265 279 982 348 235 279 237 237 237 237 237 237 237 237 237 237 237 237 251 251 251 251 279 237 223 320 230 237 216 237 237 293 251 251 223 237 237 237 279 265 320 376 376 320 
1 1 
1 1 
1 2 
1 1 
1 3 
1 4 
1 5 
1 6 
1 7 
2 8 9 
2 8 9 
2 8 9 
2 8 9 
2 8 9 
2 8 9 
2 8 9 
2 8 9 
2 8 9 
2 8 9 
2 8 9 
1 10 
3 5 11 12 
3 5 11 12 
3 1 8 13 
2 8 14 
6 1 15 16 17 18 19 
6 1 15 16 17 18 19 
3 8 20 21 
3 1 18 22 
3 1 18 22 
1 23 
1 24 
2 13 15 
2 25 26 
2 25 26 
1 27 
1 28 
2 8 29 
2 8 29 
2 8 29 
2 8 29 
1 1 
1 30 
2 8 14 
1 31 
1 30 
2 17 30 
2 1 32 
5 33 34 35 36 37 
2 8 38 
1 39 
3 16 18 40 
3 16 18 40 
3 16 18 40 
2 16 18 
2 16 18 
3 16 18 40 
2 8 41 
2 8 41 
2 8 41 
2 8 41 
2 8 41 
2 8 42 
1 43 
1 43 
1 43 
6 8 20 33 44 45 46 
1 47 
1 47 
1 1 
1 11 
3 1 8 13 
1 30 
1 33 
1 33 
1 48 
2 8 29 
2 8 29 
2 8 29 
2 8 29 
2 8 29 
2 8 29 
2 8 29 
2 8 29 
2 8 29 
4 32 49 50 51 
4 32 49 50 51 
2 8 12 
2 8 12 
2 8 12 
2 8 12 
2 8 12 
4 8 13 52 53 
1 54 
2 1 32 
1 55 
1 55 
1 55 
1 46 
1 30 
2 5 36 
2 5 36 
1 1 
3 56 57 58 
2 18 59 
1 59 
2 57 60 
4 1 5 61 62 
1 30 
2 8 36 
1 63 
1 1 
2 9 15 
2 9 15 
2 9 15 
2 9 15 
2 9 15 
2 9 15 
2 9 15 
2 9 15 
2 9 15 
2 9 15 
2 9 15 
2 9 15 
1 64 
2 65 66 
4 65 66 67 68 
1 3 
3 18 69 70 
2 18 71 
1 72 
3 1 13 15 
1 73 
1 73 
1 73 
1 73 
1 73 
3 8 32 42 
1 74 
1 74 
1 74 
2 75 76 
2 75 76 
2 75 76 
2 75 76 
3 5 13 77 
3 1 8 13 
1 30 
1 30 
1 33 
