177 16 30 8 80 731
237 265 411 230 237 230 235 237 279 306 376 244 223 244 320 508 223 237 334 376 216 244 376 258 286 606 237 265 557 237 237 237 237 237 251 251 237 237 237 237 237 237 237 237 320 376 272 348 237 258 258 258 258 258 258 320 933 265 376 251 376 251 251 251 216 216 216 216 376 585 585 230 265 237 267 267 226 251 223 223 223 223 223 223 223 223 425 265 251 237 237 982 216 1253 230 223 265 237 237 237 237 237 237 237 237 237 237 237 237 237 237 237 237 237 334 404 237 237 237 237 237 237 237 237 237 237 237 237 320 369 369 237 237 237 237 237 237 237 237 237 237 237 237 237 237 237 237 237 237 237 237 237 237 218 1002 216 216 216 216 216 216 216 216 237 237 237 237 237 237 237 237 237 237 237 237 237 237 
1 1 
2 2 3 
8 4 5 6 7 8 9 10 11 
2 11 12 
2 13 14 
1 15 
1 16 
1 17 
2 18 19 
2 7 11 
1 20 
3 21 22 23 
1 24 
3 25 26 27 
2 28 29 
2 30 31 
1 32 
1 33 
3 1 34 35 
1 36 
1 1 
1 19 
1 36 
1 37 
2 11 38 
6 13 39 40 41 42 43 
1 44 
1 33 
1 45 
2 13 14 
2 13 14 
2 13 14 
2 13 14 
2 13 14 
1 46 
1 47 
2 13 48 
2 13 48 
2 13 48 
2 13 48 
2 13 48 
2 13 48 
2 13 48 
2 13 48 
3 1 23 49 
1 36 
3 50 51 52 
2 50 51 
1 53 
4 19 27 54 55 
4 19 27 54 55 
4 19 27 54 55 
4 19 27 54 55 
4 19 27 54 55 
4 19 27 54 55 
1 1 
1 1 
3 1 13 23 
1 1 
2 13 56 
1 1 
2 13 56 
2 11 57 
2 11 57 
1 26 
1 26 
1 26 
1 26 
1 36 
2 31 40 
2 31 40 
2 58 59 
2 23 27 
1 60 
2 60 61 
2 60 61 
1 62 
1 63 
1 64 
1 64 
1 64 
1 64 
1 64 
1 64 
1 64 
1 64 
1 65 
2 66 67 
3 13 68 69 
2 27 48 
2 27 48 
1 36 
1 70 
1 71 
1 37 
1 37 
1 72 
2 55 73 
1 74 
1 74 
2 13 75 
2 13 75 
2 13 75 
2 13 75 
2 13 75 
2 13 75 
2 13 75 
2 13 75 
2 13 75 
2 13 75 
2 13 75 
2 13 75 
2 13 75 
2 13 75 
4 1 13 76 77 
3 1 13 77 
2 11 20 
2 11 20 
2 11 20 
2 11 20 
2 13 78 
2 13 78 
2 13 78 
2 13 78 
2 13 78 
2 13 78 
2 13 78 
2 13 78 
3 1 23 49 
6 1 13 33 43 66 79 
6 1 13 33 43 66 79 
2 13 54 
2 13 54 
2 13 54 
2 13 54 
2 13 54 
2 13 54 
2 13 54 
2 13 54 
2 13 54 
2 13 54 
2 13 54 
2 13 54 
2 13 54 
2 13 54 
2 13 54 
2 13 54 
2 13 54 
2 13 54 
2 13 54 
2 13 54 
2 13 54 
2 13 54 
1 80 
3 31 33 40 
1 26 
1 26 
1 26 
1 26 
1 26 
1 26 
1 26 
1 26 
2 27 75 
2 27 75 
2 27 75 
2 27 75 
2 27 75 
2 27 75 
2 27 75 
2 27 75 
2 27 75 
2 27 75 
2 27 75 
2 27 75 
2 27 75 
2 27 75 
