178 6 20 6 80 739
223 320 335 327 327 606 606 564 564 564 223 265 557 557 237 237 592 592 592 592 592 237 592 592 237 237 237 564 237 237 223 237 279 216 320 508 1128 237 237 237 237 216 251 348 258 467 376 682 682 244 216 251 244 460 460 460 460 286 376 237 237 237 237 237 237 237 237 334 265 265 265 230 320 251 237 237 216 989 487 501 237 237 237 237 237 293 265 251 293 237 237 237 237 237 237 223 251 244 230 550 724 216 216 216 216 216 216 216 216 216 216 216 216 306 425 251 251 251 327 327 223 265 360 251 237 237 237 237 237 216 237 237 237 237 237 237 237 237 237 237 237 237 237 237 237 237 237 237 237 237 237 237 279 237 237 237 237 237 237 237 237 237 237 237 237 237 320 223 216 223 376 237 237 237 237 237 237 320 
1 1 
1 2 
3 3 4 5 
5 6 7 8 9 10 
5 6 7 8 9 10 
5 6 9 10 11 12 
5 6 9 10 11 12 
4 6 13 14 15 
4 6 9 13 15 
4 6 9 13 15 
1 16 
1 16 
5 6 9 13 17 18 
5 6 9 13 17 18 
1 16 
1 16 
4 6 7 9 13 
4 6 7 9 13 
4 6 7 9 13 
4 6 7 9 13 
4 6 7 9 13 
1 16 
3 2 6 9 
3 2 6 9 
1 16 
1 16 
1 16 
4 6 13 14 15 
1 16 
1 16 
2 19 20 
2 8 21 
2 22 23 
1 24 
2 25 26 
2 2 27 
1 28 
2 8 29 
2 8 29 
2 8 29 
2 8 29 
1 6 
2 8 30 
5 15 28 31 32 33 
1 34 
1 35 
1 36 
5 13 37 38 39 40 
5 13 37 38 39 40 
2 22 41 
1 42 
2 22 43 
1 44 
2 2 41 
2 2 41 
2 2 41 
2 2 41 
6 8 15 45 46 47 48 
1 36 
2 8 49 
2 8 49 
2 8 49 
2 8 49 
2 8 49 
2 8 49 
2 8 49 
2 8 49 
2 20 50 
3 6 16 51 
3 6 16 51 
3 6 16 51 
1 5 
3 6 8 50 
2 22 52 
2 8 53 
2 8 53 
1 6 
1 6 
1 6 
1 36 
2 8 51 
2 8 51 
2 8 51 
2 8 51 
2 8 51 
2 4 44 
1 54 
2 22 55 
4 8 50 56 57 
1 58 
2 59 60 
2 59 60 
2 59 60 
2 59 60 
2 59 60 
1 61 
1 60 
1 62 
3 21 63 64 
2 22 65 
3 1 6 66 
1 67 
1 67 
1 67 
1 67 
1 67 
1 67 
1 67 
1 67 
1 67 
1 67 
1 67 
1 67 
2 2 6 
1 48 
2 20 30 
2 20 30 
2 20 30 
5 6 7 8 9 10 
5 6 7 8 9 10 
1 34 
1 68 
2 8 69 
1 70 
3 42 71 72 
3 42 71 72 
3 42 71 72 
3 42 71 72 
3 42 71 72 
1 45 
2 8 51 
2 8 51 
2 8 51 
2 8 51 
2 8 51 
2 8 51 
2 8 51 
2 8 51 
2 8 51 
2 8 51 
2 8 51 
2 8 51 
2 8 51 
2 8 51 
2 8 51 
2 8 51 
2 8 51 
2 8 51 
2 8 51 
2 8 51 
2 8 51 
2 8 51 
5 20 73 74 75 76 
2 8 30 
2 8 30 
2 8 30 
2 8 30 
2 8 30 
2 8 30 
2 8 30 
2 8 30 
2 8 30 
2 8 30 
2 8 30 
2 8 30 
2 77 78 
1 79 
1 44 
1 4 
1 80 
1 36 
2 21 64 
2 21 64 
2 21 64 
2 21 64 
2 21 64 
2 21 64 
1 15 
