218 8 20 5 73 729
230 237 216 223 237 216 216 237 237 237 237 237 237 237 237 265 223 1630 411 313 335 237 237 237 237 237 237 237 237 237 237 237 320 223 320 508 216 376 244 251 216 216 216 216 216 216 216 216 216 216 216 216 216 216 216 216 216 216 216 216 216 216 216 216 216 216 216 216 327 327 293 237 237 251 240 404 404 237 237 237 237 237 244 515 794 794 251 244 237 237 237 237 237 237 237 237 341 341 341 341 341 341 341 341 279 1114 613 766 216 446 272 272 279 237 237 216 216 216 216 216 216 216 216 216 216 571 251 216 752 251 230 237 237 251 216 223 237 550 265 279 327 327 237 251 237 237 265 237 237 237 237 237 237 237 237 237 237 237 237 237 237 237 237 237 237 237 237 237 237 237 237 237 237 237 244 244 237 237 237 279 237 557 265 223 216 216 237 237 237 237 237 237 237 237 237 237 237 237 237 237 237 237 237 237 237 237 237 237 237 237 237 237 320 376 251 258 258 432 
1 1 
1 2 
1 3 
1 4 
1 5 
1 5 
1 5 
2 6 7 
2 6 7 
2 6 7 
2 6 7 
2 6 7 
2 6 7 
2 6 7 
2 6 7 
2 8 9 
1 10 
1 11 
3 12 13 14 
1 15 
3 16 17 18 
2 8 19 
2 8 19 
2 8 19 
2 8 19 
2 8 19 
2 8 19 
2 8 19 
2 8 19 
2 8 19 
2 8 19 
1 20 
1 21 
1 22 
2 23 24 
2 25 26 
1 27 
1 28 
1 12 
2 8 29 
1 30 
1 30 
1 30 
1 30 
1 30 
1 30 
1 30 
1 30 
1 30 
1 30 
1 30 
1 30 
1 30 
1 30 
1 30 
1 30 
1 30 
1 30 
1 30 
1 30 
1 30 
1 30 
1 30 
1 30 
1 30 
1 30 
1 30 
1 30 
5 8 12 31 32 33 
5 8 12 31 32 33 
2 28 34 
2 8 35 
2 8 35 
2 36 37 
1 38 
2 39 40 
2 39 40 
2 8 41 
2 8 41 
2 8 41 
2 8 41 
2 8 41 
2 14 42 
1 43 
5 44 45 46 47 48 
5 44 45 46 47 48 
2 2 14 
1 49 
2 8 50 
2 8 50 
2 8 50 
2 8 50 
2 8 50 
2 8 50 
2 8 50 
2 8 50 
5 8 12 35 51 52 
5 8 12 35 51 52 
5 8 12 35 51 52 
5 8 12 35 51 52 
5 8 12 35 51 52 
5 8 12 35 51 52 
5 8 12 35 51 52 
5 8 12 35 51 52 
1 33 
1 12 
1 12 
1 26 
1 12 
1 52 
4 9 12 53 54 
4 9 12 53 54 
2 8 55 
2 3 6 
2 3 6 
1 30 
1 30 
1 30 
1 30 
1 30 
1 30 
1 30 
1 30 
1 30 
1 30 
2 12 56 
2 14 57 
1 12 
3 5 22 58 
1 5 
1 5 
1 5 
1 5 
1 59 
1 5 
1 5 
2 60 61 
2 14 62 
1 12 
4 3 12 50 63 
5 8 12 31 32 33 
5 8 12 31 32 33 
2 6 8 
1 64 
2 51 63 
2 14 65 
1 33 
2 8 66 
2 8 66 
2 8 66 
2 8 66 
2 8 66 
2 8 35 
2 8 35 
2 8 35 
2 8 35 
2 8 35 
2 8 35 
2 8 35 
2 8 35 
2 8 35 
2 8 35 
2 8 35 
2 8 35 
2 8 35 
2 8 35 
2 8 35 
2 8 35 
2 8 35 
2 8 35 
2 8 35 
2 8 35 
2 8 35 
2 8 35 
1 51 
1 51 
2 67 68 
2 67 68 
2 67 68 
2 67 68 
2 69 70 
2 12 26 
1 5 
1 5 
1 5 
1 71 
2 8 35 
2 8 35 
2 8 35 
2 8 35 
2 8 35 
2 8 35 
2 8 35 
2 8 35 
2 8 35 
2 8 35 
2 8 35 
2 8 35 
2 8 35 
2 8 35 
2 8 35 
2 8 35 
2 8 35 
2 8 35 
2 8 35 
2 8 35 
2 8 35 
2 8 35 
2 8 35 
2 8 35 
2 8 35 
2 8 35 
3 8 9 12 
1 28 
2 8 72 
2 14 26 
2 14 26 
2 3 73 
