319 16 30 8 112 731
230 230 237 279 223 237 237 320 306 335 327 327 606 606 543 327 327 216 223 216 216 216 216 216 216 216 216 216 216 216 216 216 216 216 216 216 216 216 216 216 216 216 216 216 216 216 216 327 327 223 348 487 682 682 515 251 237 237 237 237 237 237 237 237 460 251 251 320 216 251 237 216 223 223 223 223 223 223 223 223 223 223 223 223 223 251 251 550 265 237 216 216 216 216 216 216 216 216 216 216 216 216 226 306 425 237 237 237 237 237 237 237 237 237 237 237 237 355 237 237 251 237 237 251 251 251 251 376 237 237 237 237 237 265 251 251 320 230 237 237 237 237 237 237 237 237 237 237 237 237 237 237 237 237 237 237 237 237 237 237 557 251 237 237 237 237 237 237 237 237 237 237 237 244 320 216 237 522 235 313 327 327 251 265 251 313 313 320 320 508 1128 404 404 216 237 237 237 237 327 327 237 239 258 279 240 237 237 237 237 237 606 237 237 237 1044 216 341 341 341 341 341 341 341 341 237 237 237 237 237 237 237 237 237 237 327 327 654 265 272 348 237 237 237 237 258 571 237 320 237 237 237 989 487 251 230 237 237 376 265 293 265 265 237 460 376 223 223 724 237 237 237 237 237 237 267 267 425 1211 376 265 265 265 265 233 251 230 432 244 223 230 251 251 369 369 223 223 223 237 223 223 223 223 223 223 237 251 218 265 265 223 216 766 376 859 376 627 348 244 376 
2 1 2 
1 3 
1 3 
2 4 5 
1 6 
3 7 8 9 
3 7 8 9 
3 10 11 12 
2 1 13 
3 14 15 16 
5 11 12 17 18 19 
5 11 12 17 18 19 
5 11 18 19 20 21 
5 11 18 19 20 21 
1 22 
5 11 12 17 18 19 
5 11 12 17 18 19 
1 23 
1 24 
1 25 
1 25 
1 25 
1 25 
1 25 
1 25 
1 25 
1 25 
1 25 
1 25 
1 25 
1 25 
1 25 
1 25 
1 25 
1 25 
1 25 
1 25 
1 25 
1 25 
1 25 
1 25 
1 25 
1 25 
1 25 
1 25 
1 25 
1 25 
5 11 12 17 18 19 
5 11 12 17 18 19 
1 26 
5 6 22 27 28 29 
1 11 
5 30 31 32 33 34 
5 30 31 32 33 34 
1 22 
1 35 
2 12 36 
2 12 36 
2 12 36 
2 12 36 
2 12 36 
2 12 36 
2 12 36 
2 12 36 
1 22 
1 6 
2 1 37 
1 11 
1 11 
1 38 
1 11 
1 6 
1 6 
2 12 39 
2 12 39 
2 12 39 
2 12 39 
2 12 39 
2 12 39 
2 12 39 
2 12 39 
2 12 39 
2 12 39 
2 12 39 
2 12 39 
3 40 41 42 
3 40 41 42 
2 1 43 
2 9 10 
3 11 44 45 
1 25 
1 25 
1 25 
1 25 
1 25 
1 25 
1 25 
1 25 
1 25 
1 25 
1 25 
1 25 
1 46 
2 11 47 
1 48 
2 45 49 
2 45 49 
2 45 49 
2 45 49 
2 45 49 
2 45 49 
2 45 49 
2 45 49 
2 45 49 
2 45 49 
2 45 49 
2 45 49 
2 1 11 
1 50 
1 50 
1 42 
2 9 28 
2 9 28 
2 12 51 
2 12 51 
2 12 51 
2 12 51 
1 52 
3 53 54 55 
3 53 54 55 
3 53 54 55 
3 53 54 55 
3 53 54 55 
1 17 
1 56 
1 57 
1 30 
3 58 59 60 
2 8 12 
2 8 12 
2 8 12 
2 8 12 
2 8 12 
2 8 12 
2 8 12 
2 8 12 
2 8 12 
2 8 12 
2 8 12 
2 8 12 
2 8 12 
2 8 12 
2 8 12 
2 8 12 
2 8 12 
2 8 12 
2 8 12 
2 8 12 
2 8 12 
2 8 12 
2 11 47 
2 1 61 
2 8 12 
2 8 12 
2 8 12 
2 8 12 
2 8 12 
2 8 12 
2 8 12 
2 8 12 
2 8 12 
2 8 12 
2 8 12 
3 10 62 63 
2 39 64 
1 65 
1 66 
1 67 
1 68 
1 69 
5 11 12 17 18 19 
5 11 12 17 18 19 
3 1 55 70 
3 10 11 12 
1 57 
3 1 11 47 
3 1 11 47 
1 71 
2 72 73 
2 47 74 
1 22 
2 75 76 
2 75 76 
1 77 
2 12 78 
2 12 78 
2 12 78 
2 12 78 
5 11 12 17 18 19 
5 11 12 17 18 19 
1 79 
2 12 80 
1 17 
1 17 
1 81 
2 12 82 
2 12 82 
2 12 82 
2 12 82 
2 12 82 
6 12 18 83 84 85 86 
1 87 
2 28 45 
2 10 12 
1 6 
1 55 
5 5 7 8 11 12 
5 5 7 8 11 12 
5 5 7 8 11 12 
5 5 7 8 11 12 
5 5 7 8 11 12 
5 5 7 8 11 12 
5 5 7 8 11 12 
5 5 7 8 11 12 
2 88 89 
2 88 89 
2 88 89 
2 88 89 
2 88 89 
2 88 89 
2 88 89 
2 88 89 
2 88 89 
2 88 89 
5 11 12 17 18 19 
5 11 12 17 18 19 
1 19 
1 90 
3 15 91 92 
2 15 91 
2 12 93 
2 12 93 
2 12 93 
2 12 93 
3 10 11 63 
2 11 94 
1 95 
3 10 11 12 
2 12 49 
2 12 49 
2 10 12 
1 11 
1 11 
1 6 
1 6 
1 6 
1 6 
1 52 
3 10 11 12 
2 15 95 
1 91 
1 11 
1 96 
3 17 52 97 
1 52 
2 9 28 
2 9 28 
3 11 94 98 
3 53 54 61 
3 53 54 61 
3 53 54 61 
3 53 54 61 
3 53 54 61 
1 16 
2 16 99 
2 16 99 
3 1 11 47 
2 11 94 
1 52 
3 5 8 12 
3 5 8 12 
3 5 8 12 
3 5 8 12 
3 9 10 100 
1 101 
3 1 102 103 
3 5 12 104 
1 105 
1 106 
1 107 
1 56 
2 1 61 
6 11 12 17 18 19 97 
6 11 12 17 18 19 97 
1 22 
1 22 
1 22 
1 108 
1 108 
1 22 
1 108 
1 22 
1 22 
1 108 
1 108 
1 92 
1 109 
1 22 
1 6 
1 6 
1 6 
1 110 
1 52 
2 79 111 
1 52 
2 6 22 
1 112 
1 89 
1 52 
