345 4 30 6 121 718
244 244 237 216 216 223 223 223 223 223 223 230 237 237 237 237 237 237 237 237 237 314 1630 237 487 223 223 237 237 244 564 564 564 223 265 557 557 237 237 592 592 592 592 592 237 592 592 237 237 237 564 237 237 237 223 766 418 432 348 237 237 237 223 348 682 682 404 404 251 265 237 237 237 237 237 279 251 279 1114 613 766 216 446 334 230 230 230 230 279 237 237 627 223 230 216 223 230 348 237 237 223 418 223 376 244 230 306 251 265 237 1253 237 251 237 237 237 515 216 216 216 543 543 216 216 543 543 216 216 216 216 230 251 251 223 320 237 237 237 237 237 237 237 237 237 237 237 237 237 237 237 237 237 237 237 237 237 237 251 237 251 244 223 411 251 320 320 320 320 279 320 508 272 244 216 376 230 230 293 216 251 293 244 258 279 453 240 237 376 265 265 265 265 265 265 265 265 251 251 460 460 460 460 286 362 654 265 258 320 251 237 487 432 432 376 251 237 237 237 237 237 223 223 724 293 216 251 237 216 216 425 425 237 223 251 216 237 237 265 293 376 235 233 251 251 432 244 237 251 251 320 230 237 216 237 237 223 223 223 237 223 223 223 223 223 223 237 237 237 237 237 237 237 237 237 237 237 237 237 397 397 821 320 244 244 244 244 369 369 369 369 411 411 411 411 411 411 411 411 411 411 411 411 411 411 411 411 989 237 237 237 237 237 237 237 237 237 237 237 237 237 237 237 237 237 237 237 237 237 237 237 237 237 237 216 216 216 216 216 216 216 216 376 258 258 320 
2 1 2 
2 1 2 
1 3 
1 3 
1 3 
1 4 
1 5 
1 4 
1 4 
1 5 
1 4 
2 2 6 
2 7 8 
2 7 8 
2 7 8 
2 7 8 
2 7 8 
2 7 8 
2 7 8 
2 7 8 
2 7 8 
3 9 10 11 
1 12 
1 13 
1 14 
1 15 
1 3 
3 16 17 18 
3 16 17 18 
3 9 11 19 
4 3 20 21 22 
4 3 20 22 23 
4 3 20 22 23 
1 24 
1 24 
5 20 22 23 25 26 
5 20 22 23 25 26 
1 24 
1 24 
4 20 22 23 27 
4 20 22 23 27 
4 20 22 23 27 
4 20 22 23 27 
4 20 22 23 27 
1 24 
3 22 23 28 
3 22 23 28 
1 24 
1 24 
1 24 
4 3 20 21 22 
1 24 
1 24 
1 13 
1 29 
1 30 
1 3 
1 20 
1 31 
2 8 17 
2 8 17 
1 32 
1 33 
5 3 4 34 35 36 
5 20 37 38 39 40 
5 20 37 38 39 40 
2 41 42 
2 41 42 
1 43 
1 27 
2 8 44 
2 8 44 
2 8 44 
2 8 44 
2 8 44 
1 45 
3 8 22 46 
1 27 
1 22 
1 22 
1 28 
1 22 
1 30 
2 11 18 
3 16 17 47 
3 16 17 47 
3 16 17 47 
3 16 17 47 
2 8 48 
2 18 49 
2 18 49 
1 50 
1 28 
1 51 
1 3 
1 3 
1 52 
2 22 30 
1 53 
1 53 
1 53 
1 54 
1 55 
1 56 
1 57 
2 58 59 
2 22 28 
2 2 35 
2 8 11 
2 2 60 
1 61 
2 16 62 
1 63 
2 18 35 
2 18 35 
2 9 64 
4 9 11 22 65 
1 50 
1 27 
1 27 
2 27 66 
2 27 66 
1 27 
1 27 
2 27 66 
2 27 66 
1 27 
1 27 
1 27 
1 27 
3 67 68 69 
1 70 
1 53 
2 8 17 
1 22 
2 8 17 
2 8 17 
2 8 17 
2 8 17 
2 8 17 
2 8 17 
2 8 17 
2 8 17 
2 8 17 
2 8 17 
2 8 17 
2 8 17 
2 8 17 
2 8 17 
2 8 17 
2 8 17 
2 8 17 
2 8 17 
2 8 17 
2 8 17 
2 8 17 
2 8 17 
2 18 49 
1 71 
2 2 72 
3 9 11 19 
1 73 
3 2 22 74 
3 2 75 76 
6 2 20 22 23 77 78 
6 2 20 22 23 77 78 
1 79 
1 79 
2 2 80 
2 81 82 
2 28 83 
3 3 84 85 
1 22 
1 22 
1 56 
2 8 52 
2 8 52 
5 6 21 22 86 87 
1 88 
3 16 18 89 
2 20 56 
1 30 
1 27 
1 27 
1 90 
1 91 
2 35 77 
1 56 
2 92 93 
2 92 93 
2 92 93 
2 92 93 
2 92 93 
2 92 93 
2 92 93 
2 92 93 
1 94 
1 75 
2 28 95 
2 28 95 
2 28 95 
2 28 95 
6 3 8 50 54 96 97 
3 3 30 98 
1 99 
1 100 
3 11 19 22 
3 8 11 22 
1 94 
1 24 
1 101 
5 28 56 99 101 102 
5 28 56 99 101 102 
1 56 
3 103 104 105 
2 72 106 
2 72 106 
2 72 106 
2 72 106 
2 72 106 
2 18 35 
2 18 35 
3 15 22 107 
1 22 
1 108 
1 109 
1 110 
1 110 
1 110 
3 2 22 28 
3 2 22 28 
2 8 11 
1 85 
2 2 111 
1 111 
2 11 77 
2 11 77 
2 8 35 
3 18 56 112 
1 56 
1 113 
3 11 18 114 
1 115 
1 109 
3 8 30 48 
1 116 
2 2 117 
3 76 94 118 
3 76 94 118 
3 11 22 77 
1 119 
1 119 
1 119 
1 119 
1 119 
1 4 
1 4 
1 4 
1 5 
1 5 
1 4 
1 5 
1 4 
1 4 
1 5 
1 5 
2 7 8 
2 7 8 
2 7 8 
2 7 8 
2 7 8 
2 7 8 
2 7 8 
2 7 8 
2 7 8 
2 7 8 
2 7 8 
2 7 8 
3 8 22 120 
3 8 22 120 
1 22 
1 56 
3 8 56 120 
3 8 56 120 
3 8 56 120 
3 8 56 120 
3 8 22 120 
3 8 22 120 
3 8 22 120 
3 8 22 120 
4 8 21 22 120 
4 8 21 22 120 
4 8 21 22 120 
4 8 21 22 120 
4 8 21 22 120 
4 8 21 22 120 
4 8 21 22 120 
4 8 21 22 120 
4 8 21 22 120 
4 8 21 22 120 
4 8 21 22 120 
4 8 21 22 120 
4 8 21 22 120 
4 8 21 22 120 
4 8 21 22 120 
4 8 21 22 120 
1 22 
2 8 17 
2 8 17 
2 8 17 
2 8 17 
2 8 17 
2 8 17 
2 8 17 
2 8 17 
2 8 17 
2 8 17 
2 8 17 
2 8 17 
2 8 17 
2 8 17 
2 8 17 
2 8 17 
2 8 17 
2 8 17 
2 8 17 
2 8 17 
2 8 17 
2 8 17 
2 8 17 
2 8 17 
2 8 17 
2 8 17 
1 121 
1 121 
1 121 
1 121 
1 121 
1 121 
1 121 
1 121 
1 56 
2 2 28 
2 2 28 
1 3 
